#	Zip Code	Location	City	Population	People / Sq. Mile
1	50311	41.601734, -93.683006	Des Moines, Iowa	18590	5071.48
2	50314	41.605917, -93.631923	Des Moines, Iowa	12411	4921.19
3	52803	41.539584, -90.556918	Davenport, Iowa	24253	4802.89
4	52595	41.286656, -92.619089	University Park, Iowa	324	4636.27
5	50316	41.608683, -93.597291	Des Moines, Iowa	16381	4587.04
6	50310	41.628599, -93.672775	Des Moines, Iowa	31332	4156.54
7	50315	41.544500, -93.619860	Des Moines, Iowa	35854	3803.76
8	50241	41.308523, -93.731721	Saint Marys, Iowa	7	3728.9
9	52242	41.662783, -91.547579	Iowa City, Iowa	2691	3465.94
10	51578	41.719252, -95.395040	Westphalia, Iowa	137	3293.13
11	52758	41.744789, -90.444448	Mc Causland, Iowa	107	2965.68
12	51008	42.808862, -96.268880	Brunsville, Iowa	106	2961.13
13	51104	42.536156, -96.404680	Sioux City, Iowa	22132	2869.38
14	52801	41.522240, -90.574648	Davenport, Iowa	1049	2867.32
15	50322	41.634164, -93.734360	Urbandale, Iowa	32943	2805.28
16	50312	41.582678, -93.676670	Des Moines, Iowa	16309	2776.95
17	52402	42.023165, -91.658648	Cedar Rapids, Iowa	39913	2743.3
18	50702	42.465632, -92.320668	Waterloo, Iowa	19299	2465.65
19	52308	41.572931, -92.159652	Millersburg, Iowa	81	2461.18
20	52245	41.669694, -91.507004	Iowa City, Iowa	18605	2290.05
21	52737	41.259208, -91.374836	Columbus City, Iowa	199	2117.68
22	52401	41.976549, -91.658507	Cedar Rapids, Iowa	2392	1999.06
23	50634	42.418810, -92.214413	Gilbertville, Iowa	767	1962.7
24	50325	41.608583, -93.786772	Clive, Iowa	13015	1958.76
25	52246	41.652313, -91.570407	Iowa City, Iowa	19740	1894.81
26	50137	41.608226, -92.904421	Killduff, Iowa	64	1866.99
27	51575	41.235151, -95.615828	Treynor, Iowa	650	1840.93
28	52405	41.983384, -91.746369	Cedar Rapids, Iowa	25130	1832.8
29	52235	41.554750, -91.535411	Hills, Iowa	8	1828.6
30	50160	41.372400, -93.744470	Martensdale, Iowa	335	1748.24
31	50078	41.937103, -92.864757	Ferguson, Iowa	91	1726.24
32	52030	42.153189, -90.591932	Andrew, Iowa	460	1714.19
33	50309	41.585184, -93.620577	Des Moines, Iowa	5011	1675.61
34	50265	41.556373, -93.734856	West Des Moines, Iowa	30269	1672.78
35	51510	41.288533, -95.916872	Carter Lake, Iowa	3248	1640.96
36	52233	42.050029, -91.687475	Hiawatha, Iowa	6071	1624.89
37	52001	42.552861, -90.699096	Dubuque, Iowa	44033	1593.35
38	51459	42.041022, -94.633514	Ralston, Iowa	18	1582.9
39	52624	40.741545, -91.336514	Denmark, Iowa	274	1521.92
40	51502	41.272467, -95.795890	Council Bluffs, Iowa	137	1496.81
41	51103	42.536102, -96.461820	Sioux City, Iowa	17494	1427.51
42	52220	41.729894, -91.997876	Conroy, Iowa	72	1425.79
43	50649	42.662507, -92.910409	Kesley, Iowa	25	1325.83
44	50432	43.223190, -93.791755	Crystal Lake, Iowa	202	1316.52
45	51501	41.226869, -95.877072	Council Bluffs, Iowa	34258	1307.54
46	52806	41.576891, -90.621909	Davenport, Iowa	26005	1296.65
47	52802	41.503389, -90.633451	Davenport, Iowa	11594	1296.17
48	52241	41.701157, -91.593724	Coralville, Iowa	15177	1263.84
49	52548	41.085344, -92.527855	Chillicothe, Iowa	48	1260.6
50	52807	41.575771, -90.538593	Davenport, Iowa	10539	1252.35
51	52166	43.067464, -91.930125	Saint Lucas, Iowa	37	1252.01
52	50317	41.602598, -93.532192	Des Moines, Iowa	40843	1232.74
53	51045	42.820745, -96.057052	Oyens, Iowa	53	1222.36
54	51244	43.242534, -95.934580	Matlock, Iowa	45	1206.21
55	51550	41.695139, -95.873217	Magnolia, Iowa	71	1205.64
56	50266	41.567932, -93.794752	West Des Moines, Iowa	16738	1192.54
57	50227	42.594869, -93.427855	Popejoy, Iowa	21	1182.15
58	52722	41.574996, -90.472343	Bettendorf, Iowa	33695	1112.03
59	52168	43.203984, -91.953289	Spillville, Iowa	376	1068.13
60	50069	41.533293, -94.007268	De Soto, Iowa	1008	1049.64
61	51106	42.459802, -96.324991	Sioux City, Iowa	27003	998.86
62	52403	41.969228, -91.591994	Cedar Rapids, Iowa	24776	975.98
63	50145	41.204542, -93.500353	Liberty Center, Iowa	26	908.53
64	50313	41.654622, -93.617510	Des Moines, Iowa	16675	902.11
65	50631	42.881395, -92.303539	Frederika, Iowa	144	886.08
66	52647	41.134146, -91.545335	Olds, Iowa	249	884.84
67	52312	42.006274, -91.246265	Morley, Iowa	88	866.33
68	50667	42.469975, -92.217854	Raymond, Iowa	216	843.11
69	52066	42.680936, -90.953130	North Buena Vista, Iowa	59	820.12
70	50320	41.527942, -93.567967	Des Moines, Iowa	15271	812.4
71	51105	42.511913, -96.352027	Sioux City, Iowa	11947	793.32
72	50142	42.004814, -92.774244	Le Grand, Iowa	910	791.57
73	50152	41.966442, -93.821256	Luther, Iowa	26	788.75
74	50707	42.465293, -92.247294	Evansdale, Iowa	8155	769.63
75	51101	42.494182, -96.393877	Sioux City, Iowa	844	729.56
76	50021	41.722395, -93.596697	Ankeny, Iowa	31148	715.3
77	50673	42.526856, -92.711757	Stout, Iowa	217	702.54
78	52767	41.566602, -90.421103	Pleasant Valley, Iowa	231	689.82
79	52534	41.269978, -92.682033	Beacon, Iowa	257	680.7
80	52728	41.454513, -90.761647	Buffalo, Iowa	849	677.03
81	50243	41.862109, -93.693975	Sheldahl, Iowa	247	656.12
82	50218	41.348309, -93.880520	Patterson, Iowa	126	623.49
83	50321	41.532674, -93.662499	Des Moines, Iowa	7607	622.44
84	52752	41.280617, -91.191030	Grandview, Iowa	520	605.69
85	51331	43.358266, -95.119188	Arnolds Park, Iowa	1031	583.31
86	50014	42.061618, -93.688105	Ames, Iowa	29541	579.93
87	52351	41.875151, -91.832589	Walford, Iowa	1095	572.48
88	52404	41.923056, -91.698866	Cedar Rapids, Iowa	32016	554.06
89	52056	42.603822, -91.072473	Luxemburg, Iowa	246	547.9
90	52326	42.396409, -91.757376	Quasqueton, Iowa	578	529.18
91	51341	43.014642, -95.037310	Gillett Grove, Iowa	36	522.4
92	52757	41.802316, -90.353840	Low Moor, Iowa	249	513.73
93	50847	41.141922, -94.983679	Grant, Iowa	99	464.41
94	52774	41.906333, -90.594782	Welton, Iowa	113	456.63
95	50033	41.358651, -93.793307	Bevington, Iowa	55	449.45
96	51242	43.440798, -96.334615	Lester, Iowa	211	436.34
97	50131	41.691324, -93.718770	Johnston, Iowa	8970	426.86
98	52804	41.506465, -90.669966	Davenport, Iowa	26818	426.35
99	52158	43.040906, -91.186611	Marquette, Iowa	309	419.38
100	50010	42.030822, -93.588490	Ames, Iowa	24991	419.03
101	50009	41.640625, -93.458835	Altoona, Iowa	12008	406.63
102	51451	42.184080, -94.695158	Lanesboro, Iowa	148	401.19
103	52002	42.521344, -90.776310	Dubuque, Iowa	11539	400.73
104	50706	42.408728, -92.258971	Waterloo, Iowa	1035	395.19
105	51355	43.388189, -95.136678	Okoboji, Iowa	825	388.07
106	52302	42.063960, -91.562456	Marion, Iowa	28580	384.52
107	52071	42.362325, -90.541992	Saint Donatus, Iowa	140	380.03
108	50701	42.418058, -92.344590	Waterloo, Iowa	29890	376.27
109	52036	42.473210, -91.340719	Delaware, Iowa	188	368.2
110	52749	41.349396, -91.130445	Fruitland, Iowa	782	357.93
111	51363	43.433689, -94.946743	Superior, Iowa	142	350.18
112	52328	42.075077, -91.665634	Robins, Iowa	1281	344.9
113	52345	42.212901, -91.894116	Urbana, Iowa	1035	329.17
114	52075	42.165709, -90.479397	Springbrook, Iowa	182	314.94
115	50231	42.237439, -93.603867	Randall, Iowa	138	313.72
116	50652	42.264492, -92.699224	Lincoln, Iowa	159	308.8
117	50613	42.531814, -92.487461	Cedar Falls, Iowa	38681	302.41
118	50529	42.704308, -94.199289	Dakota City, Iowa	884	302.22
119	50041	42.638427, -93.247895	Bradford, Iowa	123	301.41
120	52411	42.053802, -91.729225	Cedar Rapids, Iowa	5587	300.25
121	52732	41.891044, -90.253005	Clinton, Iowa	29377	263.57
122	52562	41.264710, -92.247700	Hayesville, Iowa	64	253.19
123	52632	40.445349, -91.445203	Keokuk, Iowa	13823	245.79
124	52317	41.767125, -91.634505	North Liberty, Iowa	6410	237.12
125	52601	40.840464, -91.140281	Burlington, Iowa	30847	234.49
126	52003	42.415706, -90.652888	Dubuque, Iowa	13305	230.59
127	50592	42.727313, -95.186576	Truesdale, Iowa	91	222.71
128	50703	42.548059, -92.286431	Waterloo, Iowa	20978	221.15
129	52627	40.664222, -91.335117	Fort Madison, Iowa	14001	219.59
130	52655	40.852897, -91.212040	West Burlington, Iowa	4709	218.31
131	50323	41.628020, -93.802882	Urbandale, Iowa	957	204.88
132	51503	41.242603, -95.742520	Council Bluffs, Iowa	33819	203.34
133	50401	43.154087, -93.198644	Mason City, Iowa	31291	201.78
134	50102	42.245542, -93.400194	Garden City, Iowa	101	200.45
135	50111	41.692652, -93.800061	Grimes, Iowa	5646	197.1
136	50501	42.485735, -94.181342	Fort Dodge, Iowa	30357	194.27
137	50431	42.736499, -93.377621	Coulter, Iowa	258	186.34
138	50032	41.666524, -93.525834	Berwick, Iowa	370	184.48
139	50573	42.881520, -94.632080	Plover, Iowa	72	183.05
140	51109	42.605562, -96.466342	Sioux City, Iowa	2947	178.48
141	52240	41.637955, -91.506817	Iowa City, Iowa	30568	177.44
142	52753	41.628548, -90.385928	Le Claire, Iowa	4175	169.84
143	50269	42.264549, -93.011104	Whitten, Iowa	167	166.24
144	50211	41.455311, -93.705269	Norwalk, Iowa	9007	164.22
145	52748	41.665736, -90.554955	Eldridge, Iowa	6961	163.6
146	50263	41.601839, -93.868825	Waukee, Iowa	6357	159.35
147	52761	41.437251, -91.048490	Muscatine, Iowa	30286	158.01
148	52163	43.220302, -92.100956	Protivin, Iowa	314	154.54
149	51108	42.566032, -96.352653	Sioux City, Iowa	5468	151.24
150	50158	42.048571, -92.903957	Marshalltown, Iowa	30316	147.45
151	50623	42.535262, -92.211102	Dewar, Iowa	113	142.69
152	52568	41.180554, -92.240099	Martinsburg, Iowa	89	140.08
153	50124	41.880251, -93.599779	Huxley, Iowa	2753	137.63
154	52501	41.032329, -92.426295	Ottumwa, Iowa	30595	132.1
155	50208	41.711721, -93.033958	Newton, Iowa	20766	129.14
156	52631	40.779268, -91.610245	Houghton, Iowa	82	127.63
157	52726	41.496325, -90.780377	Blue Grass, Iowa	4505	124.73
158	52730	41.775670, -90.335349	Camanche, Iowa	4715	123.84
159	50426	43.407934, -93.014531	Carpenter, Iowa	123	122.61
160	52747	41.617715, -90.913546	Durant, Iowa	1824	118.85
161	52219	42.231353, -91.413194	Prairieburg, Iowa	123	117.08
162	50622	42.674516, -92.328755	Denver, Iowa	2973	116.29
163	50219	41.420909, -92.896533	Pella, Iowa	12745	111.35
164	50040	42.173645, -94.106139	Boxholm, Iowa	223	111.21
165	52701	41.980799, -90.251346	Andover, Iowa	92	109.44
166	50662	42.688662, -91.937486	Oelwein, Iowa	7564	108.15
167	51250	43.076976, -96.204836	Sioux Center, Iowa	7285	102.3
168	50125	41.320167, -93.593025	Indianola, Iowa	17474	101.48
169	50521	42.346732, -94.116279	Burnside, Iowa	96	96.83
170	51054	42.380126, -96.316111	Sergeant Bluff, Iowa	4062	94.25
171	52340	41.708901, -91.676649	Tiffin, Iowa	1202	93.2
172	51041	43.027141, -96.076217	Orange City, Iowa	6602	93.18
173	52577	41.272983, -92.661641	Oskaloosa, Iowa	14910	91.82
174	50105	42.114871, -93.641179	Gilbert, Iowa	1126	91.7
175	50220	41.840661, -94.119910	Perry, Iowa	8891	90.32
176	51554	41.141335, -95.682653	Mineola, Iowa	203	90.3
177	50677	42.766784, -92.429682	Waverly, Iowa	11297	88.65
178	52341	42.114856, -91.727808	Toddville, Iowa	1021	88.05
179	50226	41.794476, -93.692765	Polk City, Iowa	3360	87.53
180	51534	41.046626, -95.714689	Glenwood, Iowa	8475	86.53
181	52040	42.503645, -91.141809	Dyersville, Iowa	5403	86.09
182	50047	41.471152, -93.475425	Carlisle, Iowa	5092	85
183	50465	43.484442, -93.915138	Rake, Iowa	241	84.84
184	50588	42.658692, -95.166279	Storm Lake, Iowa	12230	84.8
185	52338	41.817900, -91.707501	Swisher, Iowa	2857	83.82
186	52652	41.097904, -91.554298	Swedesburg, Iowa	86	83.43
187	52314	41.935363, -91.447684	Mount Vernon, Iowa	5147	83.41
188	50428	43.202578, -93.448342	Clear Lake, Iowa	9990	83.41
189	51301	43.154166, -95.147702	Spencer, Iowa	12885	82.4
190	50109	41.770791, -93.800486	Granger, Iowa	1738	81.49
191	52205	42.109109, -91.270393	Anamosa, Iowa	8087	79.38
192	50036	42.085554, -93.864204	Boone, Iowa	16185	79.13
193	50593	42.654349, -94.905146	Varina, Iowa	82	77.07
194	51452	42.130556, -94.786762	Lidderdale, Iowa	177	76.8
195	51401	42.067796, -94.868652	Carroll, Iowa	12288	74.94
196	50244	41.856382, -93.651672	Slater, Iowa	1724	73.74
197	50038	41.524581, -93.896420	Booneville, Iowa	322	73.16
198	50118	41.454943, -93.375780	Hartford, Iowa	924	72.42
199	52333	41.807598, -91.492416	Solon, Iowa	6090	71.27
200	52227	41.894467, -91.568527	Ely, Iowa	1752	70.44
201	52348	41.991977, -92.380950	Vining, Iowa	70	70.44
202	52638	40.832268, -91.250901	Middletown, Iowa	751	70.36
203	50201	42.041769, -93.453657	Nevada, Iowa	8104	70.32
204	50169	41.655266, -93.352320	Mitchellville, Iowa	2891	69.76
205	50552	42.456140, -94.455937	Knierim, Iowa	70	69.59
206	50138	41.299939, -93.114144	Knoxville, Iowa	11614	68.51
207	52247	41.518674, -91.723290	Kalona, Iowa	5437	68.3
208	50035	41.723930, -93.457207	Bondurant, Iowa	2964	68.01
209	50007	41.803454, -93.599630	Alleman, Iowa	413	67.95
210	51360	43.433976, -95.085813	Spirit Lake, Iowa	7899	67.09
211	50272	41.082760, -93.266172	Williamson, Iowa	229	66.8
212	52556	41.024136, -91.927720	Fairfield, Iowa	12434	66.32
213	50165	40.844895, -93.300134	Millerton, Iowa	47	65.61
214	52742	41.838263, -90.519700	De Witt, Iowa	7336	64.84
215	51012	42.755275, -95.543133	Cherokee, Iowa	6596	64.43
216	50595	42.461396, -93.820387	Webster City, Iowa	9347	63.13
217	52530	40.993225, -92.297286	Agency, Iowa	1004	63.1
218	52208	41.882402, -92.253128	Belle Plaine, Iowa	3488	63.1
219	52206	41.991936, -91.883640	Atkins, Iowa	1584	63.09
220	50644	42.475151, -91.894414	Independence, Iowa	8796	62.17
221	50112	41.733388, -92.712777	Grinnell, Iowa	11359	61.87
222	51601	40.735638, -95.359345	Shenandoah, Iowa	6341	61.12
223	52057	42.491814, -91.463877	Manchester, Iowa	8176	60.56
224	50616	43.080430, -92.658480	Charles City, Iowa	10558	59.7
225	52253	41.895347, -91.353372	Lisbon, Iowa	2892	59.34
226	52068	42.422066, -90.812040	Peosta, Iowa	2842	58.89
227	52641	40.984944, -91.589663	Mount Pleasant, Iowa	12376	58.52
228	52353	41.299352, -91.711487	Washington, Iowa	9130	58.29
229	52566	41.152849, -92.487901	Kirkville, Iowa	139	58.07
230	52639	40.546152, -91.469501	Montrose, Iowa	2349	57
231	50801	41.093837, -94.405269	Creston, Iowa	9115	56.98
232	50511	43.075777, -94.221246	Algona, Iowa	7520	56.44
233	50569	42.407994, -94.140129	Otho, Iowa	893	56.39
234	52776	41.570259, -91.272556	West Liberty, Iowa	4328	55.78
235	50054	41.690596, -93.233261	Colfax, Iowa	3627	55.49
236	51442	42.024775, -95.365013	Denison, Iowa	8884	55.21
237	50248	42.202191, -93.610502	Story City, Iowa	4273	55
238	52060	42.102534, -90.677763	Maquoketa, Iowa	8772	54.66
239	50647	42.651075, -92.497212	Janesville, Iowa	1851	54.52
240	52544	40.709741, -92.935725	Centerville, Iowa	8292	54.01
241	52213	42.205248, -91.777360	Center Point, Iowa	3806	52.6
242	50022	41.416262, -95.006344	Atlantic, Iowa	8698	52.02
243	52554	40.938810, -92.233942	Eldon, Iowa	1351	51.84
244	50062	41.241861, -93.251254	Dallas, Iowa	1650	51.66
245	52778	41.609579, -90.990208	Wilton, Iowa	3925	51.31
246	51201	43.183440, -95.862677	Sheldon, Iowa	6245	51.19
247	51444	42.007896, -94.988121	Halbur, Iowa	275	50.93
248	51031	42.798547, -96.186217	Le Mars, Iowa	11927	50.91
249	50126	42.510442, -93.255212	Iowa Falls, Iowa	6829	50.42
250	52203	41.814930, -91.857247	Amana, Iowa	1742	49.76
251	50003	41.611836, -94.045181	Adel, Iowa	5835	49.56
252	52756	41.729113, -90.541590	Long Grove, Iowa	2148	49.44
253	50216	41.700208, -94.344058	Panora, Iowa	2663	48.91
254	50237	41.545198, -93.370962	Runnells, Iowa	2636	48.49
255	52349	42.175308, -91.971840	Vinton, Iowa	7448	48.48
256	52332	42.092032, -91.906083	Shellsburg, Iowa	2085	48.23
257	50548	42.719162, -94.225619	Humboldt, Iowa	5851	47.23
258	50156	41.898310, -93.801235	Madrid, Iowa	4232	47.14
259	52336	42.070516, -91.432362	Springville, Iowa	2406	46.97
260	52768	41.700279, -90.398623	Princeton, Iowa	1507	46.37
261	50434	43.257097, -93.461130	Fertile, Iowa	421	45.98
262	51011	42.924103, -96.528093	Chatsworth, Iowa	95	45.79
263	52645	40.912197, -91.404234	New London, Iowa	3120	45.74
264	50236	42.179254, -93.490725	Roland, Iowa	1662	45.41
265	52045	42.457272, -90.930940	Epworth, Iowa	2230	45.01
266	52358	41.691400, -91.318432	West Branch, Iowa	3457	45.01
267	50436	43.266463, -93.671118	Forest City, Iowa	6226	44.46
268	51239	43.193928, -96.154220	Hull, Iowa	2931	44.42
269	52773	41.621924, -90.752766	Walcott, Iowa	2342	44.39
270	50110	41.842263, -94.974399	Gray, Iowa	81	44.28
271	52101	43.349919, -91.756512	Decorah, Iowa	13759	44.19
272	52175	43.004016, -91.814739	West Union, Iowa	3644	44.04
273	50648	42.453205, -92.093230	Jesup, Iowa	3649	43.69
274	51632	40.739005, -95.034838	Clarinda, Iowa	7141	43.46
275	50533	42.649981, -93.910233	Eagle Grove, Iowa	4338	43.23
276	50641	42.591881, -91.919414	Hazleton, Iowa	2036	43.2
277	51351	43.315064, -95.183646	Milford, Iowa	4173	42.85
278	51334	43.404109, -94.805056	Estherville, Iowa	8132	42.29
279	52046	42.442561, -91.012491	Farley, Iowa	2049	41.95
280	51526	41.369822, -95.893161	Crescent, Iowa	1719	41.92
281	52310	42.220416, -91.195253	Monticello, Iowa	6199	41.89
282	51566	41.003796, -95.227413	Red Oak, Iowa	7643	41.75
283	52228	41.902290, -91.788702	Fairfax, Iowa	1521	41.14
284	52339	41.922284, -92.570174	Tama, Iowa	4121	41.06
285	50643	42.357927, -92.464199	Hudson, Iowa	2745	40.85
286	52202	42.159496, -91.638440	Alburnett, Iowa	997	40.8
287	51537	41.638292, -95.297911	Harlan, Iowa	6938	40.68
288	52315	41.998846, -91.973079	Newhall, Iowa	1232	39.7
289	52172	43.274711, -91.482384	Waukon, Iowa	6169	39.63
290	51247	43.193752, -96.338127	Rock Valley, Iowa	4422	39.12
291	50456	43.291329, -93.216135	Manly, Iowa	1810	38.8
292	52342	42.043495, -92.558548	Toledo, Iowa	3516	38.65
293	50063	41.695549, -93.940678	Dallas Center, Iowa	2621	38.54
294	50668	42.692909, -92.228832	Readlyn, Iowa	1240	38.36
295	52637	41.017544, -91.145949	Mediapolis, Iowa	2512	38.32
296	50659	43.095838, -92.329051	New Hampton, Iowa	5787	38.03
297	50660	42.577494, -92.641802	New Hartford, Iowa	1262	37.07
298	50273	41.338355, -94.048866	Winterset, Iowa	7380	36.74
299	50441	42.739747, -93.220628	Hampton, Iowa	5662	36.57
300	50251	41.575020, -92.880654	Sully, Iowa	1403	36.11
301	52327	41.472192, -91.577286	Riverside, Iowa	2887	36.02
302	52772	41.742429, -91.149833	Tipton, Iowa	4959	35.93
303	50450	43.421186, -93.522315	Lake Mills, Iowa	2984	35.92
304	50627	42.350393, -93.093896	Eldora, Iowa	3979	35.86
305	50028	41.812016, -93.153672	Baxter, Iowa	1554	35.46
306	52318	41.890333, -91.895620	Norway, Iowa	1265	35.45
307	50061	41.491638, -93.794480	Cumming, Iowa	1217	35.11
308	51023	43.018177, -96.438849	Hawarden, Iowa	3033	34.96
309	50421	42.839810, -93.609254	Belmond, Iowa	3303	34.88
310	52162	43.109370, -91.549257	Postville, Iowa	3492	34.67
311	52052	42.742443, -91.116701	Guttenberg, Iowa	3241	34.45
312	52653	41.173257, -91.161743	Wapello, Iowa	3751	34.39
313	50638	42.358243, -92.790367	Grundy Center, Iowa	3253	34.28
314	52157	43.021895, -91.240309	Mc Gregor, Iowa	1885	34.25
315	51555	41.559396, -95.915249	Missouri Valley, Iowa	5518	34.22
316	50129	42.015764, -94.378074	Jefferson, Iowa	5724	34.07
317	50658	42.955144, -92.528810	Nashua, Iowa	2548	33.8
318	51531	41.587725, -95.083398	Elk Horn, Iowa	929	33.79
319	50536	43.118262, -94.705481	Emmetsburg, Iowa	4717	33.62
320	50670	42.690346, -92.623020	Shell Rock, Iowa	1972	33.41
321	50276	41.868880, -93.926870	Woodward, Iowa	2651	33.33
322	50676	42.810420, -92.282916	Tripoli, Iowa	2123	33.22
323	50049	41.034517, -93.295407	Chariton, Iowa	6859	33.21
324	50170	41.528751, -93.112984	Monroe, Iowa	2738	33.2
325	50516	42.630251, -94.140021	Badger, Iowa	811	33.17
326	50046	41.900223, -93.523397	Cambridge, Iowa	1390	33.02
327	50626	42.580629, -92.165282	Dunkerton, Iowa	1757	32.97
328	50225	41.391969, -93.262295	Pleasantville, Iowa	2708	32.9
329	52361	41.649114, -92.029880	Williamsburg, Iowa	3953	32.83
330	52623	40.863483, -91.335673	Danville, Iowa	1931	32.82
331	52337	41.883209, -91.143663	Stanwood, Iowa	852	32.54
332	51653	40.880028, -95.661523	Tabor, Iowa	1412	32.53
333	50438	43.111502, -93.618624	Garner, Iowa	4063	32.53
334	52324	42.067695, -91.806721	Palo, Iowa	1451	32.4
335	52746	41.726732, -90.688163	Donahue, Iowa	934	32.17
336	52159	43.087472, -91.353089	Monona, Iowa	2410	31.96
337	50213	41.028600, -93.768441	Osceola, Iowa	6625	31.94
338	52135	43.015824, -91.663225	Clermont, Iowa	986	31.91
339	50651	42.320505, -92.203284	La Porte City, Iowa	3777	31.8
340	52069	42.060763, -90.429990	Preston, Iowa	1543	31.68
341	51576	41.384192, -95.697133	Underwood, Iowa	1435	31.32
342	50134	41.941372, -93.672132	Kelley, Iowa	682	31.2
343	52039	42.542589, -90.863653	Durango, Iowa	1076	31.18
344	50458	43.158733, -93.012018	Nora Springs, Iowa	2160	31.16
345	50624	42.470375, -92.667702	Dike, Iowa	1393	31.15
346	52654	41.129424, -91.669936	Wayland, Iowa	1691	31.13
347	51051	42.206091, -95.964960	Rodney, Iowa	82	31.11
348	50464	43.253037, -93.078691	Plymouth, Iowa	731	31.1
349	50461	43.296816, -92.815585	Osage, Iowa	5554	31.06
350	51003	42.978769, -95.989423	Alton, Iowa	1628	31.05
351	51040	42.035137, -96.110329	Onawa, Iowa	3662	31.03
352	50140	40.645520, -93.986274	Lamoni, Iowa	3002	30.98
353	52132	43.211142, -91.928177	Calmar, Iowa	1909	30.75
354	51450	42.316462, -95.020800	Lake View, Iowa	1790	30.72
355	52755	41.478866, -91.427865	Lone Tree, Iowa	1832	30.65
356	52301	41.788476, -92.082678	Marengo, Iowa	4196	30.55
357	50005	42.131988, -93.034602	Albion, Iowa	851	30.43
358	50629	42.648669, -92.071537	Fairbank, Iowa	2342	30.31
359	52042	42.678593, -91.360160	Edgewood, Iowa	1742	30.28
360	50228	41.571626, -93.239431	Prairie City, Iowa	2170	30.24
361	52738	41.266249, -91.378400	Columbus Junction, Iowa	3926	30.19
362	51249	43.411367, -95.728897	Sibley, Iowa	3710	30.06
363	52307	41.784293, -91.928600	Middle Amana, Iowa	164	29.92
364	50233	41.610660, -94.209958	Redfield, Iowa	1391	29.85
365	52223	42.412580, -91.324368	Delhi, Iowa	1426	29.83
366	52033	42.276213, -90.994912	Cascade, Iowa	2962	29.82
367	52136	43.374777, -92.102623	Cresco, Iowa	6107	29.76
368	51039	42.466576, -96.048480	Moville, Iowa	2501	29.54
369	52255	41.866131, -90.961422	Lowden, Iowa	1254	29.22
370	50073	41.792388, -93.526175	Elkhart, Iowa	795	28.97
371	52031	42.252564, -90.486421	Bellevue, Iowa	4507	28.93
372	52214	42.189094, -91.487021	Central City, Iowa	3309	28.93
373	52531	41.023618, -92.805182	Albia, Iowa	5895	28.91
374	52659	41.122498, -91.442983	Winfield, Iowa	1549	28.85
375	51543	41.654500, -95.089683	Kimballton, Iowa	450	28.75
376	50665	42.580981, -92.771682	Parkersburg, Iowa	2950	28.72
377	52073	42.622582, -90.823003	Sherrill, Iowa	1383	28.27
378	50619	42.809681, -92.658224	Clarksville, Iowa	2462	28.21
379	50669	42.343457, -92.602549	Reinbeck, Iowa	2625	28.17
380	52211	41.753890, -92.449753	Brooklyn, Iowa	2620	28.16
381	50240	41.297090, -93.792788	Saint Charles, Iowa	2142	28.15
382	50059	41.913646, -94.342972	Cooper, Iowa	14	28.08
383	52041	42.499139, -91.256104	Earlville, Iowa	1726	27.98
384	50482	43.120498, -93.489247	Ventura, Iowa	857	27.97
385	52161	43.128152, -91.754964	Ossian, Iowa	1471	27.79
386	50072	41.467231, -94.124330	Earlham, Iowa	2398	27.39
387	50849	41.294526, -94.405017	Greenfield, Iowa	2968	27.29
388	51030	42.497741, -96.188321	Lawton, Iowa	1584	27.25
389	52356	41.475682, -91.845796	Wellman, Iowa	2531	27.2
390	50583	42.432529, -94.985792	Sac City, Iowa	3185	27.15
391	50212	42.030352, -94.073065	Ogden, Iowa	3285	27.02
392	50166	41.284083, -93.414183	Milo, Iowa	1529	26.92
393	52656	40.739814, -91.455500	West Point, Iowa	2591	26.57
394	50632	42.070352, -92.717757	Garwin, Iowa	1213	26.36
395	50563	42.525327, -94.525458	Manson, Iowa	2708	26.32
396	52591	41.316641, -92.191374	Sigourney, Iowa	3186	26.22
397	52625	40.675383, -91.573931	Donnellson, Iowa	2497	26.1
398	52218	42.290268, -91.533585	Coggon, Iowa	1784	26.03
399	52352	42.290553, -91.759136	Walker, Iowa	1818	25.98
400	51002	42.702052, -95.318922	Alta, Iowa	2886	25.95
401	50604	42.601831, -92.896477	Aplington, Iowa	1872	25.94
402	52777	41.845956, -90.858568	Wheatland, Iowa	1400	25.93
403	51521	41.482363, -95.349558	Avoca, Iowa	2203	25.84
404	51449	42.265798, -94.728799	Lake City, Iowa	2264	25.83
405	51542	41.447292, -95.847692	Honey Creek, Iowa	916	25.79
406	50261	41.467142, -93.940738	Van Meter, Iowa	1694	25.67
407	50056	42.013198, -93.296527	Colo, Iowa	1484	25.62
408	52561	41.217314, -92.434092	Fremont, Iowa	985	25.59
409	50655	42.765580, -91.891692	Maynard, Iowa	815	25.58
410	50171	41.584891, -92.526611	Montezuma, Iowa	2884	25.57
411	50525	42.729736, -93.750138	Clarion, Iowa	3869	25.55
412	52209	41.908987, -92.097531	Blairstown, Iowa	1095	25.55
413	51234	43.193399, -96.030260	Boyden, Iowa	1240	25.53
414	50130	42.303387, -93.669264	Jewell, Iowa	1703	25.35
415	52043	42.844034, -91.417706	Elkader, Iowa	2381	25.27
416	52142	42.824795, -91.796815	Fayette, Iowa	1971	25.25
417	51445	42.321415, -95.462213	Ida Grove, Iowa	3175	25.18
418	52216	41.929407, -91.062275	Clarence, Iowa	1459	25.14
419	51238	43.074351, -95.892733	Hospers, Iowa	1244	25.05
420	51546	41.637054, -95.766018	Logan, Iowa	2889	25.01
421	50119	41.313093, -92.939687	Harvey, Iowa	520	24.96
422	52574	40.796019, -92.961399	Mystic, Iowa	1049	24.96
423	50247	42.007584, -93.167981	State Center, Iowa	2241	24.94
424	50162	41.928305, -93.062875	Melbourne, Iowa	1173	24.83
425	52322	41.692718, -91.762785	Oxford, Iowa	2344	24.8
426	52760	41.573042, -91.091700	Moscow, Iowa	617	24.6
427	52346	42.012890, -92.079738	Van Horne, Iowa	1079	24.57
428	52745	41.718602, -90.766483	Dixon, Iowa	666	24.42
429	52306	41.902007, -91.249861	Mechanicsville, Iowa	1836	24.34
430	51246	43.434380, -96.158729	Rock Rapids, Iowa	3786	24.33
431	52658	40.706669, -91.227603	Wever, Iowa	1113	24.19
432	52347	41.706620, -92.279980	Victor, Iowa	1492	24.17
433	50449	43.002487, -93.566898	Klemme, Iowa	873	24.1
434	50250	41.480626, -94.346410	Stuart, Iowa	2364	23.97
435	50674	42.837805, -92.115430	Sumner, Iowa	3824	23.95
436	52070	42.079799, -90.231402	Sabula, Iowa	1209	23.86
437	50621	42.248723, -92.919782	Conrad, Iowa	1529	23.69
438	51466	42.247002, -95.099567	Wall Lake, Iowa	1126	23.68
439	52076	42.696962, -91.510531	Strawberry Point, Iowa	2476	23.62
440	50173	41.976687, -92.713446	Montour, Iowa	750	23.61
441	50252	41.456518, -93.319788	Swan, Iowa	345	23.54
442	50161	41.851252, -93.397065	Maxwell, Iowa	2024	23.48
443	52567	40.936846, -92.086708	Libertyville, Iowa	588	23.39
444	50579	42.395198, -94.634166	Rockwell City, Iowa	2929	23.26
445	52739	41.372373, -91.374081	Conesville, Iowa	781	23.17
446	51455	41.911617, -95.061732	Manning, Iowa	2381	23.11
447	50574	42.717689, -94.696885	Pocahontas, Iowa	2501	23.05
448	51561	41.014645, -95.808280	Pacific Junction, Iowa	1526	23.03
449	52751	41.847153, -90.679573	Grand Mound, Iowa	1099	23.01
450	51551	40.990820, -95.587501	Malvern, Iowa	1820	22.77
451	52316	41.546634, -92.095570	North English, Iowa	1742	22.7
452	51441	42.113305, -95.315427	Deloit, Iowa	399	22.7
453	50229	41.379081, -93.775073	Prole, Iowa	898	22.58
454	52305	42.018269, -91.336544	Martelle, Iowa	572	22.57
455	52720	41.606042, -91.171091	Atalissa, Iowa	1164	22.49
456	51024	42.612142, -96.262983	Hinton, Iowa	2045	22.44
457	52078	42.395777, -91.115821	Worthington, Iowa	916	22.43
458	51055	42.222657, -96.246453	Sloan, Iowa	1375	22.42
459	50854	40.688488, -94.207748	Mount Ayr, Iowa	2325	22.4
460	50135	41.750582, -92.887174	Kellogg, Iowa	1646	22.4
461	51560	41.308683, -95.401599	Oakland, Iowa	2092	22.35
462	52035	42.662689, -91.184375	Colesburg, Iowa	1061	22.33
463	51461	42.174090, -95.474138	Schleswig, Iowa	1188	22.3
464	51637	40.608896, -95.105197	College Springs, Iowa	360	22.26
465	50630	42.961871, -92.211282	Fredericksburg, Iowa	1937	22.25
466	51248	43.198679, -95.656103	Sanborn, Iowa	1931	22.25
467	51245	43.074715, -95.597766	Primghar, Iowa	1272	22.14
468	51579	41.753577, -95.706999	Woodbine, Iowa	2436	21.9
469	50257	41.185464, -93.855973	Truro, Iowa	872	21.89
470	50070	41.445537, -94.232632	Dexter, Iowa	1514	21.88
471	50148	42.182296, -92.995563	Liscomb, Iowa	405	21.84
472	50680	42.447645, -92.922617	Wellsburg, Iowa	1154	21.83
473	50681	42.774530, -92.008693	Westgate, Iowa	474	21.8
474	52650	40.951210, -91.152038	Sperry, Iowa	855	21.78
475	52323	41.983039, -90.953335	Oxford Junction, Iowa	950	21.75
476	50107	42.036533, -94.219069	Grand Junction, Iowa	1262	21.72
477	50029	41.828956, -94.555933	Bayard, Iowa	786	21.72
478	50459	43.457425, -93.250439	Northwood, Iowa	3064	21.66
479	50214	41.469931, -93.056110	Otley, Iowa	834	21.63
480	51559	41.455385, -95.643007	Neola, Iowa	1738	21.6
481	50153	41.564034, -92.809716	Lynnville, Iowa	772	21.51
482	50144	40.731283, -93.741004	Leon, Iowa	2892	21.47
483	52064	42.083294, -90.299503	Miles, Iowa	904	21.47
484	50423	43.118224, -93.814465	Britt, Iowa	3187	21.42
485	50675	42.197820, -92.512092	Traer, Iowa	2448	21.39
486	50554	42.845202, -94.842679	Laurens, Iowa	1931	21.37
487	51001	42.818552, -96.491623	Akron, Iowa	2260	21.35
488	50044	41.205004, -92.897229	Bussey, Iowa	1084	21.34
489	50167	41.748621, -94.051609	Minburn, Iowa	813	21.27
490	51357	43.053258, -95.285440	Royal, Iowa	754	21.14
491	52224	42.150429, -92.308987	Dysart, Iowa	1943	21.08
492	52249	42.015705, -92.198927	Keystone, Iowa	1024	21.05
493	50602	42.741405, -92.805745	Allison, Iowa	1702	20.99
494	51553	41.408285, -95.544145	Minden, Iowa	956	20.97
495	51111	42.408146, -96.388703	Sioux City, Iowa	140	20.93
496	52649	40.842236, -91.585202	Salem, Iowa	951	20.83
497	52320	42.002281, -91.149224	Olin, Iowa	1294	20.81
498	50256	41.259706, -92.905272	Tracy, Iowa	513	20.75
499	50530	42.268579, -94.039675	Dayton, Iowa	1288	20.72
500	50268	41.406996, -92.361709	What Cheer, Iowa	1050	20.63
501	50001	41.350323, -93.438920	Ackworth, Iowa	615	20.6
502	52750	41.919517, -90.400372	Goose Lake, Iowa	548	20.6
503	50666	42.870966, -92.520111	Plainfield, Iowa	960	20.56
504	51025	42.497646, -95.556107	Holstein, Iowa	2190	20.5
505	51050	42.797519, -95.943034	Remsen, Iowa	2938	20.47
506	52362	42.058475, -91.001655	Wyoming, Iowa	1137	20.44
507	52585	41.193215, -91.981001	Richland, Iowa	1019	20.43
508	52553	41.148432, -92.654929	Eddyville, Iowa	1883	20.43
509	50435	43.159438, -92.767719	Floyd, Iowa	820	20.42
510	51443	42.096430, -94.711353	Glidden, Iowa	1897	20.34
511	52053	42.619583, -90.935236	Holy Cross, Iowa	1177	20.31
512	52210	42.335824, -92.001362	Brandon, Iowa	709	20.31
513	50154	42.173411, -93.394086	Mc Callsburg, Iowa	461	20.27
514	50246	42.285107, -93.790520	Stanhope, Iowa	828	20.25
515	52620	40.689548, -91.791862	Bonaparte, Iowa	781	20.16
516	52049	42.885785, -91.207444	Garnavillo, Iowa	1316	20.13
517	50601	42.568446, -93.040917	Ackley, Iowa	2879	20.12
518	50635	42.199574, -92.702103	Gladbrook, Iowa	1721	20.09
519	52237	42.343030, -91.247578	Hopkinton, Iowa	1677	20.08
520	50210	41.195043, -93.698287	New Virginia, Iowa	1465	20.04
521	50120	41.934866, -92.983721	Haverhill, Iowa	325	20.02
522	52729	41.814568, -90.738349	Calamus, Iowa	880	19.99
523	52330	42.351539, -91.499857	Ryan, Iowa	962	19.98
524	52359	41.360946, -91.818072	West Chester, Iowa	252	19.97
525	52766	41.467541, -91.295418	Nichols, Iowa	873	19.96
526	50650	42.618248, -91.656040	Lamont, Iowa	813	19.87
527	51573	40.977712, -95.085271	Stanton, Iowa	1208	19.85
528	51639	40.693717, -95.474209	Farragut, Iowa	782	19.83
529	50472	43.406744, -92.935319	Saint Ansgar, Iowa	2304	19.82
530	52731	41.972441, -90.480152	Charlotte, Iowa	1103	19.8
531	50543	42.272916, -94.302494	Gowrie, Iowa	1479	19.71
532	50055	41.884636, -93.280100	Collins, Iowa	952	19.56
533	52537	40.734400, -92.423197	Bloomfield, Iowa	6834	19.52
534	50476	43.446805, -92.764051	Stacyville, Iowa	879	19.48
535	52065	42.593678, -91.108655	New Vienna, Iowa	989	19.48
536	51570	41.526884, -95.462569	Shelby, Iowa	1146	19.42
537	51007	42.407257, -96.184380	Bronson, Iowa	665	19.34
538	52640	41.101237, -91.280466	Morning Sun, Iowa	1460	19.31
539	52626	40.646422, -91.701999	Farmington, Iowa	1388	19.3
540	50469	42.999327, -93.197099	Rockwell, Iowa	1649	19.3
541	52590	40.665762, -93.144638	Seymour, Iowa	1106	19.29
542	52160	43.459653, -91.351712	New Albin, Iowa	880	19.27
543	52721	41.752722, -90.963856	Bennett, Iowa	821	19.25
544	51652	40.766014, -95.605267	Sidney, Iowa	2033	19.13
545	50278	42.155575, -93.301160	Zearing, Iowa	962	19.08
546	50470	42.740912, -93.553538	Rowan, Iowa	308	19.05
547	51046	42.977899, -95.657703	Paullina, Iowa	2112	19.01
548	52549	40.616032, -92.935210	Cincinnati, Iowa	755	19
549	50207	41.431966, -92.637540	New Sharon, Iowa	2689	18.99
550	50075	42.325451, -93.564866	Ellsworth, Iowa	882	18.98
551	50557	42.353070, -94.050691	Lehigh, Iowa	723	18.97
552	50116	41.178269, -92.971280	Hamilton, Iowa	228	18.96
553	52325	41.584245, -91.924520	Parnell, Iowa	744	18.92
554	50625	42.748385, -92.988356	Dumont, Iowa	1113	18.89
555	50585	42.917530, -95.141865	Sioux Rapids, Iowa	1190	18.86
556	50452	42.781099, -93.367352	Latimer, Iowa	884	18.84
557	50168	41.771852, -93.269776	Mingo, Iowa	721	18.8
558	52754	41.352961, -91.228859	Letts, Iowa	1444	18.65
559	50568	42.633712, -95.004825	Newell, Iowa	1498	18.63
560	51235	43.297946, -96.216786	Doon, Iowa	1100	18.61
561	51230	43.356790, -96.308175	Alvord, Iowa	449	18.6
562	50471	43.164821, -92.878189	Rudd, Iowa	756	18.56
563	51237	43.334511, -96.010646	George, Iowa	1775	18.54
564	52201	41.329660, -91.547062	Ainsworth, Iowa	1202	18.49
565	51038	42.713645, -96.321495	Merrill, Iowa	1543	18.46
566	50249	42.275327, -93.903082	Stratford, Iowa	1361	18.44
567	51525	41.224911, -95.410360	Carson, Iowa	1094	18.41
568	50025	41.753681, -94.921413	Audubon, Iowa	3766	18.36
569	51346	43.193713, -95.462861	Hartley, Iowa	2743	18.33
570	50143	41.341836, -92.804656	Leighton, Iowa	613	18.33
571	52619	40.541508, -91.575946	Argyle, Iowa	862	18.27
572	52144	43.144513, -91.971880	Fort Atkinson, Iowa	1433	18.24
573	51034	42.157865, -95.788305	Mapleton, Iowa	2156	18.17
574	50682	42.449383, -91.706513	Winthrop, Iowa	1548	18.14
575	50575	42.563729, -94.700683	Pomeroy, Iowa	1079	18.1
576	50642	42.439697, -92.816454	Holland, Iowa	543	18.02
577	52141	42.935090, -91.628181	Elgin, Iowa	1461	18
578	52037	41.967240, -90.633754	Delmar, Iowa	1246	18
579	51549	41.185830, -95.466707	Macedonia, Iowa	543	17.92
580	51240	43.309361, -96.458419	Inwood, Iowa	1831	17.88
581	52050	42.604314, -91.329900	Greeley, Iowa	559	17.82
582	50444	43.305797, -93.405177	Hanlontown, Iowa	459	17.81
583	50523	42.366086, -94.300447	Callender, Iowa	712	17.81
584	50122	42.304391, -93.322854	Hubbard, Iowa	1521	17.79
585	51005	42.714118, -95.431551	Aurelia, Iowa	1684	17.72
586	50538	42.275576, -94.420791	Farnhamville, Iowa	600	17.72
587	52555	40.630594, -92.816820	Exline, Iowa	391	17.64
588	52565	40.745555, -91.953206	Keosauqua, Iowa	2080	17.62
589	50104	41.490697, -92.385788	Gibson, Iowa	259	17.61
590	51440	41.912966, -94.815573	Dedham, Iowa	432	17.6
591	50612	42.286686, -92.386859	Buckingham, Iowa	413	17.59
592	51241	43.443846, -96.455200	Larchwood, Iowa	1671	17.58
593	51650	40.651427, -95.558688	Riverton, Iowa	356	17.51
594	52550	41.310310, -92.355076	Delta, Iowa	685	17.5
595	51358	43.131557, -94.902069	Ruthven, Iowa	1329	17.41
596	50234	41.890010, -93.168853	Rhodes, Iowa	458	17.39
597	51463	41.908569, -94.921222	Templeton, Iowa	652	17.37
598	51458	42.326374, -95.235307	Odebolt, Iowa	1694	17.3
599	50636	42.895005, -92.809048	Greene, Iowa	2005	17.3
600	52038	42.586693, -91.561483	Dundee, Iowa	512	17.26
601	50477	42.988367, -93.327335	Swaledale, Iowa	341	17.26
602	50106	41.880956, -92.806239	Gilman, Iowa	1160	17.2
603	50480	43.250367, -94.058607	Titonka, Iowa	1083	17.19
604	52536	40.957466, -92.608910	Blakesburg, Iowa	1000	17.18
605	51053	42.493700, -95.300190	Schaller, Iowa	1257	17.15
606	51347	43.422425, -95.318451	Lake Park, Iowa	1443	17.13
607	51430	42.099689, -95.025324	Arcadia, Iowa	879	17.12
608	51530	41.787452, -95.430485	Earling, Iowa	1030	17.1
609	52151	43.353558, -91.302363	Lansing, Iowa	2319	17.09
610	50468	43.036536, -92.957662	Rockford, Iowa	1762	17.08
611	50544	42.255095, -94.166776	Harcourt, Iowa	608	16.96
612	51365	43.305173, -94.732527	Wallingford, Iowa	404	16.96
613	50141	41.867559, -92.949711	Laurel, Iowa	655	16.94
614	50475	42.880553, -93.218757	Sheffield, Iowa	1559	16.92
615	52334	41.730058, -91.948005	South Amana, Iowa	285	16.9
616	52329	42.351929, -91.860116	Rowley, Iowa	851	16.89
617	51035	42.782823, -95.798697	Marcus, Iowa	1804	16.87
618	51028	42.602064, -95.981535	Kingsley, Iowa	2046	16.83
619	52054	42.302872, -90.630547	La Motte, Iowa	959	16.81
620	52769	41.605804, -90.847235	Stockton, Iowa	740	16.75
621	52727	41.960479, -90.337558	Bryant, Iowa	457	16.66
622	50455	43.457863, -92.650183	Mc Intire, Iowa	510	16.64
623	50672	42.434593, -93.061792	Steamboat Rock, Iowa	607	16.63
624	50232	41.556725, -92.969720	Reasnor, Iowa	582	16.63
625	52635	40.991486, -91.761190	Lockridge, Iowa	745	16.55
626	52621	41.210536, -91.526945	Crawfordsville, Iowa	726	16.54
627	50440	43.333341, -93.071258	Grafton, Iowa	531	16.49
628	50597	42.975250, -94.451731	West Bend, Iowa	1408	16.44
629	52309	42.108043, -90.887221	Monmouth, Iowa	477	16.38
630	52047	42.969264, -91.341820	Farmersburg, Iowa	764	16.37
631	50020	41.426762, -94.749867	Anita, Iowa	1567	16.37
632	50258	42.227045, -93.088956	Union, Iowa	899	16.34
633	51640	40.626163, -95.661234	Hamburg, Iowa	1829	16.29
634	51048	42.550970, -95.846168	Pierson, Iowa	634	16.27
635	52540	41.156205, -91.821579	Brighton, Iowa	1496	16.18
636	51638	40.824904, -95.263539	Essex, Iowa	1620	16.12
637	51342	43.249567, -94.743492	Graettinger, Iowa	1301	16.12
638	52171	43.068178, -92.052911	Waucoma, Iowa	1246	16.07
639	52354	41.919204, -91.983160	Watkins, Iowa	404	16.05
640	52169	42.855755, -91.664398	Wadena, Iowa	458	16.05
641	51243	43.440581, -95.896651	Little Rock, Iowa	907	16.03
642	52154	43.118625, -92.166877	Lawler, Iowa	1155	16
643	51063	42.145310, -96.180825	Whiting, Iowa	1076	15.95
644	50115	41.691836, -94.556431	Guthrie Center, Iowa	2785	15.88
645	51446	41.775563, -95.194815	Irwin, Iowa	602	15.87
646	52251	41.757120, -92.214745	Ladora, Iowa	566	15.84
647	51527	41.816455, -95.344749	Defiance, Iowa	689	15.82
648	52156	43.060465, -91.459283	Luana, Iowa	693	15.81
649	50830	41.039184, -94.230369	Afton, Iowa	1824	15.8
650	52570	40.682927, -92.150613	Milton, Iowa	988	15.74
651	51436	42.188265, -95.023602	Breda, Iowa	921	15.66
652	50517	43.305250, -94.234205	Bancroft, Iowa	1234	15.66
653	50039	41.822402, -94.000012	Bouton, Iowa	371	15.62
654	51036	42.969720, -96.189483	Maurice, Iowa	690	15.58
655	52533	41.017538, -92.157116	Batavia, Iowa	1281	15.58
656	52248	41.345772, -91.935346	Keota, Iowa	1890	15.57
657	51544	41.314924, -95.113671	Lewis, Iowa	761	15.57
658	50006	42.508362, -93.401924	Alden, Iowa	1959	15.56
659	50598	43.082699, -94.414068	Whittemore, Iowa	979	15.55
660	52229	42.144629, -92.169234	Garrison, Iowa	748	15.52
661	51232	43.308625, -95.812663	Ashton, Iowa	1017	15.49
662	51454	41.884818, -95.190586	Manilla, Iowa	1608	15.44
663	50150	41.115275, -92.973970	Lovilia, Iowa	1075	15.41
664	51535	41.226455, -95.126689	Griswold, Iowa	2022	15.37
665	51520	41.968294, -95.453813	Arion, Iowa	299	15.36
666	52254	41.951024, -90.806162	Lost Nation, Iowa	926	15.36
667	52571	40.882548, -92.824511	Moravia, Iowa	1407	15.33
668	51631	40.615980, -94.994895	Braddyville, Iowa	558	15.3
669	50535	42.453186, -95.162489	Early, Iowa	1003	15.3
670	50851	40.920553, -94.537429	Lenox, Iowa	2289	15.29
671	51577	41.463613, -95.203768	Walnut, Iowa	1295	15.27
672	50262	40.849014, -93.815939	Van Wert, Iowa	478	15.27
673	50223	42.170109, -94.028365	Pilot Mound, Iowa	420	15.26
674	51529	41.860476, -95.643463	Dunlap, Iowa	1823	15.24
675	50060	40.748173, -93.312786	Corydon, Iowa	2605	15.22
676	52147	42.959850, -91.959586	Hawkeye, Iowa	1224	15.21
677	52542	40.646431, -92.064632	Cantril, Iowa	407	15.2
678	51564	41.809589, -95.922824	Pisgah, Iowa	545	15.19
679	51563	41.571203, -95.603277	Persia, Iowa	902	15.18
680	50558	42.874203, -94.163334	Livermore, Iowa	709	15.16
681	50606	42.748335, -91.678253	Arlington, Iowa	1065	15.15
682	51052	42.308234, -96.265987	Salix, Iowa	1050	15.13
683	50542	42.782971, -93.953621	Goldfield, Iowa	1033	15.08
684	52563	41.173308, -92.267405	Hedrick, Iowa	1607	15.07
685	52257	41.926579, -92.174980	Luzerne, Iowa	244	15.04
686	51562	41.730009, -95.505742	Panama, Iowa	459	15
687	51006	42.320792, -95.619612	Battle Creek, Iowa	1185	14.99
688	52765	41.719724, -90.869233	New Liberty, Iowa	466	14.99
689	52236	41.736508, -91.873042	Homestead, Iowa	449	14.98
690	52044	42.762559, -91.320995	Elkport, Iowa	208	14.98
691	50466	43.386853, -92.538439	Riceville, Iowa	1916	14.86
692	52588	40.868860, -92.138367	Selma, Iowa	375	14.85
693	50645	43.028064, -92.445481	Ionia, Iowa	1168	14.84
694	51548	41.305261, -95.619970	Mc Clelland, Iowa	539	14.79
695	50230	42.303252, -93.453415	Radcliffe, Iowa	1211	14.78
696	52535	40.860796, -91.978313	Birmingham, Iowa	1182	14.73
697	51056	42.227148, -95.941974	Smithland, Iowa	503	14.69
698	52584	40.653474, -92.240759	Pulaski, Iowa	464	14.68
699	50146	41.673650, -94.246874	Linden, Iowa	512	14.65
700	50132	42.391303, -93.683863	Kamrar, Iowa	433	14.63
701	50864	40.960461, -94.990174	Villisca, Iowa	2288	14.6
702	51016	42.471641, -95.804645	Correctionville, Iowa	1451	14.54
703	52165	43.311714, -91.984607	Ridgeway, Iowa	969	14.52
704	51646	40.747685, -94.874449	New Market, Iowa	816	14.44
705	52212	42.108797, -91.090273	Center Junction, Iowa	308	14.42
706	50453	43.363364, -93.647420	Leland, Iowa	605	14.39
707	51058	42.989032, -95.455738	Sutherland, Iowa	1073	14.37
708	50446	43.347465, -93.450891	Joice, Iowa	588	14.34
709	50611	42.817335, -92.909947	Bristow, Iowa	446	14.32
710	50532	42.441869, -94.000675	Duncombe, Iowa	1122	14.31
711	51027	42.966515, -96.326460	Ireton, Iowa	1248	14.28
712	50058	41.871174, -94.698171	Coon Rapids, Iowa	2061	14.28
713	50139	41.198463, -93.369878	Lacona, Iowa	1233	14.27
714	50076	41.592177, -94.841945	Exira, Iowa	1532	14.23
715	52646	41.069668, -91.014990	Oakville, Iowa	837	14.13
716	50136	41.469501, -92.292764	Keswick, Iowa	567	14.1
717	51354	43.422129, -95.549590	Ocheyedan, Iowa	1136	14.01
718	50590	43.407137, -94.295311	Swea City, Iowa	1032	14
719	50522	43.192019, -94.194683	Burt, Iowa	911	13.95
720	52225	42.010734, -92.318317	Elberon, Iowa	578	13.87
721	50510	42.759296, -94.985603	Albert City, Iowa	1227	13.81
722	52032	42.289646, -90.839534	Bernard, Iowa	1420	13.79
723	50277	41.779659, -94.341008	Yale, Iowa	507	13.75
724	52079	42.285788, -90.717183	Zwingle, Iowa	824	13.7
725	52077	42.832074, -91.560012	Volga, Iowa	471	13.7
726	51004	42.380122, -95.918206	Anthon, Iowa	1174	13.69
727	52335	41.467961, -92.053796	South English, Iowa	694	13.68
728	52543	41.201977, -92.512669	Cedar, Iowa	275	13.64
729	51338	43.205366, -95.318750	Everly, Iowa	1114	13.64
730	51465	42.086886, -95.200725	Vail, Iowa	870	13.63
731	52321	42.141543, -90.980132	Onslow, Iowa	477	13.63
732	50514	43.415156, -94.472410	Armstrong, Iowa	1593	13.58
733	50174	41.042325, -93.955064	Murray, Iowa	1383	13.58
734	50484	43.235304, -93.922863	Woden, Iowa	509	13.57
735	50222	41.215845, -93.959608	Peru, Iowa	577	13.5
736	50841	41.009072, -94.768812	Corning, Iowa	3100	13.41
737	51439	42.085015, -95.578448	Charter Oak, Iowa	1112	13.38
738	51037	42.829944, -95.621960	Meriden, Iowa	491	13.38
739	52580	41.105218, -92.090331	Packwood, Iowa	504	13.37
740	50609	42.239565, -92.816607	Beaman, Iowa	514	13.36
741	50577	42.861556, -93.979743	Renwick, Iowa	496	13.34
742	50478	43.399247, -93.788643	Thompson, Iowa	957	13.25
743	51528	41.909086, -95.501099	Dow City, Iowa	1074	13.21
744	50424	43.395909, -93.937370	Buffalo Center, Iowa	1706	13.21
745	52560	40.850522, -92.251368	Floris, Iowa	572	13.19
746	51654	40.836097, -95.778511	Thurman, Iowa	528	13.14
747	51433	42.266641, -94.875334	Auburn, Iowa	743	13.13
748	51049	42.625761, -95.615037	Quimby, Iowa	693	13.13
749	51431	42.346279, -95.349858	Arthur, Iowa	463	13.08
750	50671	42.650429, -91.795819	Stanley, Iowa	314	13.05
751	52170	43.221211, -91.302103	Waterville, Iowa	555	13.05
752	51061	42.575739, -95.719404	Washta, Iowa	516	13.04
753	50846	41.307696, -94.556772	Fontanelle, Iowa	1276	13.03
754	51022	42.975498, -95.859047	Granville, Iowa	857	13.02
755	50057	41.178649, -93.156473	Columbia, Iowa	217	13.02
756	50653	42.968595, -92.885717	Marble Rock, Iowa	659	13.01
757	50479	42.945888, -93.408891	Thornton, Iowa	708	12.99
758	52313	42.259096, -92.101448	Mount Auburn, Iowa	421	12.99
759	51571	41.142627, -95.616483	Silver City, Iowa	592	12.95
760	52572	40.677013, -92.701964	Moulton, Iowa	1133	12.9
761	52133	43.093668, -91.663894	Castalia, Iowa	591	12.89
762	52586	41.339920, -92.469476	Rose Hill, Iowa	580	12.88
763	51557	41.737020, -95.983990	Mondamin, Iowa	906	12.85
764	50164	41.511099, -94.410218	Menlo, Iowa	673	12.82
765	50128	41.849870, -94.300024	Jamaica, Iowa	412	12.77
766	50566	42.437770, -94.323652	Moorland, Iowa	439	12.72
767	52146	43.176202, -91.205673	Harpers Ferry, Iowa	912	12.71
768	50518	42.525935, -94.365516	Barnum, Iowa	518	12.71
769	50603	43.189741, -92.465136	Alta Vista, Iowa	594	12.69
770	50519	42.902768, -94.263313	Bode, Iowa	683	12.63
771	51364	43.300381, -94.966689	Terril, Iowa	784	12.61
772	50239	42.142843, -93.202958	Saint Anthony, Iowa	256	12.57
773	50576	42.802568, -95.179198	Rembrandt, Iowa	471	12.55
774	50157	41.751876, -92.560418	Malcom, Iowa	816	12.52
775	52594	40.826462, -92.672724	Unionville, Iowa	347	12.47
776	52155	43.412758, -92.295716	Lime Springs, Iowa	1363	12.46
777	50605	42.831181, -93.020878	Aredale, Iowa	210	12.43
778	50581	42.842996, -94.549778	Rolfe, Iowa	1148	12.41
779	50628	43.272710, -92.394046	Elma, Iowa	1420	12.39
780	50833	40.667956, -94.699959	Bedford, Iowa	2653	12.38
781	50457	42.914737, -93.490518	Meservey, Iowa	451	12.26
782	50582	42.793920, -94.315110	Rutland, Iowa	288	12.18
783	51565	41.647376, -95.521516	Portsmouth, Iowa	569	12.16
784	51533	41.039454, -95.378172	Emerson, Iowa	1066	12.15
785	50539	43.233560, -94.419913	Fenton, Iowa	649	12.11
786	50066	41.805551, -94.212482	Dawson, Iowa	333	12.11
787	50447	42.931258, -93.798571	Kanawha, Iowa	1276	12.1
788	50002	41.514778, -94.648341	Adair, Iowa	1339	12.1
789	51350	43.308446, -95.595654	Melvin, Iowa	483	12.09
790	50565	42.857089, -95.001020	Marathon, Iowa	575	12.08
791	50235	41.920969, -94.222525	Rippey, Iowa	532	12.05
792	51545	41.843937, -96.016744	Little Sioux, Iowa	512	12.02
793	51467	42.057762, -95.120731	Westside, Iowa	596	12
794	51018	42.449661, -95.680771	Cushing, Iowa	493	11.98
795	50561	42.417745, -94.850820	Lytton, Iowa	608	11.97
796	51532	41.137981, -95.109116	Elliott, Iowa	757	11.96
797	50541	42.710228, -94.452387	Gilmore City, Iowa	1021	11.84
798	52134	43.467803, -92.424234	Chester, Iowa	406	11.73
799	52576	41.208681, -92.129694	Ollie, Iowa	570	11.73
800	50026	41.860719, -94.453497	Bagley, Iowa	686	11.69
801	50051	42.135392, -93.141399	Clemons, Iowa	323	11.68
802	50448	43.349938, -93.240534	Kensett, Iowa	732	11.65
803	52217	42.081040, -92.412679	Clutier, Iowa	619	11.65
804	52207	42.091691, -90.831527	Baldwin, Iowa	429	11.63
805	52552	40.840693, -92.548852	Drakesville, Iowa	897	11.63
806	50591	42.676741, -94.056938	Thor, Iowa	359	11.54
807	50206	42.253457, -93.191579	New Providence, Iowa	512	11.49
808	50065	40.610369, -93.788273	Davis City, Iowa	618	11.48
809	50149	41.149663, -94.095295	Lorimor, Iowa	1014	11.47
810	50607	42.608929, -91.737351	Aurora, Iowa	558	11.39
811	51060	42.042032, -95.684871	Ute, Iowa	682	11.39
812	52164	42.853589, -91.889535	Randalia, Iowa	256	11.38
813	50275	41.045339, -93.591354	Woodburn, Iowa	577	11.34
814	51448	42.205359, -95.309789	Kiron, Iowa	654	11.33
815	50238	40.964291, -93.167151	Russell, Iowa	1260	11.32
816	50123	40.849750, -93.507465	Humeston, Iowa	964	11.29
817	51020	42.515513, -95.414696	Galva, Iowa	672	11.26
818	51231	43.091625, -95.732733	Archer, Iowa	280	11.24
819	50271	42.485591, -93.545558	Williams, Iowa	765	11.22
820	50559	43.209076, -94.326594	Lone Rock, Iowa	389	11.19
821	50853	41.236843, -94.767896	Massena, Iowa	812	11.18
822	51649	40.866372, -95.528847	Randolph, Iowa	351	11.15
823	52231	41.361656, -92.059127	Harper, Iowa	373	11.12
824	50483	43.108561, -93.999478	Wesley, Iowa	940	11.05
825	50027	41.482026, -92.469368	Barnes City, Iowa	326	11.04
826	51572	41.984450, -95.807870	Soldier, Iowa	462	11.02
827	50586	42.411860, -94.425560	Somers, Iowa	407	11.01
828	50071	42.648620, -93.504898	Dows, Iowa	1249	10.98
829	50242	41.565527, -92.702315	Searsboro, Iowa	451	10.97
830	50460	43.225653, -92.683128	Orchard, Iowa	393	10.96
831	51462	42.014377, -94.556522	Scranton, Iowa	1228	10.96
832	50042	41.529364, -94.903773	Brayton, Iowa	375	10.95
833	50008	40.672937, -93.386227	Allerton, Iowa	939	10.93
834	51536	41.405078, -95.443501	Hancock, Iowa	508	10.9
835	52660	40.994471, -91.289817	Yarmouth, Iowa	238	10.89
836	51062	42.697827, -96.534968	Westfield, Iowa	696	10.88
837	50594	42.578560, -94.030658	Vincent, Iowa	345	10.86
838	50633	42.673424, -93.136437	Geneva, Iowa	393	10.84
839	52215	41.907862, -92.387653	Chelsea, Iowa	883	10.82
840	52644	41.040145, -91.416020	Mount Union, Iowa	444	10.8
841	52072	42.923137, -91.385509	Saint Olaf, Iowa	298	10.79
842	52630	40.810505, -91.744629	Hillsboro, Iowa	792	10.78
843	52651	40.885344, -91.771111	Stockport, Iowa	388	10.69
844	52048	42.729886, -91.252797	Garber, Iowa	428	10.67
845	50571	42.633307, -94.576531	Palmer, Iowa	485	10.64
846	50858	41.211108, -94.409596	Orient, Iowa	884	10.57
847	51552	41.482936, -95.112977	Marne, Iowa	320	10.57
848	50540	42.591746, -94.839491	Fonda, Iowa	1224	10.56
849	50439	42.944717, -93.626339	Goodell, Iowa	349	10.52
850	50048	41.514301, -94.511481	Casey, Iowa	973	10.49
851	50430	42.979402, -93.956364	Corwith, Iowa	639	10.44
852	50524	42.616853, -94.353838	Clare, Iowa	570	10.39
853	51029	42.886587, -95.534586	Larrabee, Iowa	309	10.32
854	50578	43.300194, -94.545125	Ringsted, Iowa	738	10.18
855	51556	41.642870, -96.040104	Modale, Iowa	462	10.18
856	50840	40.781959, -94.480948	Clearfield, Iowa	677	10.16
857	51047	42.942464, -95.369628	Peterson, Iowa	774	10.08
858	52074	42.114272, -90.469630	Spragueville, Iowa	346	10.06
859	50562	42.958761, -94.646411	Mallard, Iowa	603	10.04
860	50050	42.158973, -94.503593	Churdan, Iowa	794	10.03
861	50067	40.717682, -93.861649	Decatur, Iowa	312	9.98
862	50654	42.437821, -91.611503	Masonville, Iowa	540	9.97
863	51453	42.270636, -94.551054	Lohrville, Iowa	869	9.96
864	52222	41.576110, -92.327149	Deep River, Iowa	752	9.96
865	52232	41.797522, -92.329888	Hartwick, Iowa	232	9.9
866	50848	40.780922, -94.764274	Gravity, Iowa	460	9.89
867	51026	42.255339, -96.068143	Hornick, Iowa	964	9.85
868	50863	40.854554, -94.196192	Tingley, Iowa	292	9.84
869	52355	41.459265, -92.178750	Webster, Iowa	339	9.79
870	51540	41.020389, -95.501203	Hastings, Iowa	529	9.77
871	51019	42.262928, -95.716449	Danbury, Iowa	927	9.64
872	50567	42.523753, -95.080840	Nemaha, Iowa	272	9.54
873	50473	43.465739, -93.687767	Scarville, Iowa	371	9.54
874	50520	42.787924, -94.394376	Bradgate, Iowa	203	9.53
875	50451	43.393086, -94.079652	Lakota, Iowa	616	9.53
876	51541	41.139051, -95.415922	Henderson, Iowa	383	9.52
877	51014	42.772536, -95.711025	Cleghorn, Iowa	734	9.49
878	52551	40.801409, -92.129041	Douds, Iowa	214	9.43
879	50155	41.211016, -94.199356	Macksburg, Iowa	270	9.4
880	51636	40.669957, -95.215753	Coin, Iowa	510	9.39
881	51343	43.017604, -95.127508	Greenville, Iowa	276	9.39
882	51333	43.129346, -94.999532	Dickens, Iowa	607	9.31
883	52221	41.640929, -92.331699	Guernsey, Iowa	222	9.29
884	50217	42.183763, -94.251811	Paton, Iowa	620	9.28
885	50546	42.843750, -94.708099	Havelock, Iowa	506	9.27
886	50274	41.383348, -94.860975	Wiota, Iowa	463	9.11
887	50074	40.865931, -94.080133	Ellston, Iowa	452	9.08
888	50599	42.579322, -93.823217	Woolstock, Iowa	424	9.07
889	50151	41.076663, -93.502738	Lucas, Iowa	753	9.03
890	50560	42.960033, -94.105341	Lu Verne, Iowa	656	9.01
891	50034	42.510193, -93.651111	Blairsburg, Iowa	496	9
892	51044	42.307816, -95.922873	Oto, Iowa	283	8.91
893	51033	42.912628, -95.251445	Linn Grove, Iowa	541	8.78
894	50843	41.236842, -94.885233	Cumberland, Iowa	691	8.78
895	50420	42.804065, -93.458424	Alexander, Iowa	423	8.63
896	50103	40.795120, -93.609144	Garden Grove, Iowa	518	8.59
897	50068	40.948073, -93.466254	Derby, Iowa	390	8.58
898	50515	43.017181, -94.886111	Ayrshire, Iowa	375	8.55
899	50052	40.643313, -93.449198	Clio, Iowa	175	8.45
900	50117	41.656638, -94.851603	Hamlin, Iowa	251	8.38
901	52593	40.772656, -92.730899	Udell, Iowa	151	8.38
902	52581	40.801220, -93.063949	Plano, Iowa	339	8.37
903	50133	40.718438, -94.081953	Kellerton, Iowa	772	8.36
904	50859	41.076828, -94.596376	Prescott, Iowa	576	8.28
905	51447	41.723246, -95.191414	Kirkman, Iowa	249	8.21
906	51345	43.407697, -95.437473	Harris, Iowa	493	8.07
907	50454	43.379570, -92.738437	Little Cedar, Iowa	120	8.04
908	52140	43.445644, -91.534572	Dorchester, Iowa	594	7.95
909	52583	40.804862, -93.146277	Promise City, Iowa	436	7.9
910	50556	43.455220, -94.196646	Ledyard, Iowa	351	7.85
911	50835	40.687247, -94.333530	Benton, Iowa	124	7.82
912	50860	40.619812, -94.330903	Redding, Iowa	296	7.79
913	51366	42.960703, -95.002954	Webb, Iowa	443	7.79
914	51010	42.097526, -95.938189	Castana, Iowa	538	7.63
915	51630	40.593613, -95.212636	Blanchard, Iowa	203	7.63
916	50862	40.819526, -94.647817	Sharpsburg, Iowa	183	7.6
917	50845	40.820986, -94.333979	Diagonal, Iowa	837	7.4
918	51647	40.610524, -95.376288	Northboro, Iowa	349	7.38
919	50531	43.461993, -94.615651	Dolliver, Iowa	267	7.37
920	50837	41.224703, -94.692446	Bridgewater, Iowa	409	7.31
921	50545	42.797396, -94.080863	Hardy, Iowa	270	7.29
922	51523	41.897609, -96.069294	Blencoe, Iowa	310	7.22
923	51558	41.909953, -95.864470	Moorhead, Iowa	675	7.17
924	51645	40.883032, -95.427261	Imogene, Iowa	308	7.06
925	50064	42.108994, -94.225128	Dana, Iowa	151	7.06
926	50857	40.934710, -94.879630	Nodaway, Iowa	406	7.01
927	50551	42.471106, -94.738161	Jolley, Iowa	183	6.97
928	50570	42.896101, -94.373020	Ottosen, Iowa	350	6.83
929	50433	42.925123, -93.046970	Dougherty, Iowa	326	6.71
930	50147	40.629263, -93.553727	Lineville, Iowa	477	6.63
931	50108	40.834970, -93.954859	Grand River, Iowa	519	6.63
932	50264	40.892254, -93.710042	Weldon, Iowa	477	6.58
933	50528	43.134889, -94.542075	Cylinder, Iowa	518	6.34
934	52569	40.982056, -93.012734	Melrose, Iowa	565	6.29
935	50101	42.672393, -93.634676	Galt, Iowa	75	6.22
936	50836	40.629295, -94.484934	Blockton, Iowa	547	5.88
937	52573	40.647597, -91.943687	Mount Sterling, Iowa	237	5.75
938	50254	40.992507, -94.084843	Thayer, Iowa	393	5.72
939	50861	40.906269, -94.271644	Shannon City, Iowa	291	5.7
940	50527	42.968527, -94.782010	Curlew, Iowa	290	5.53
941	51648	40.739475, -95.800397	Percival, Iowa	276	4.81
